8709226348
7838151581
9910554760
9212433890
9540730305
9819375153
9015652504
9350173035
9555674173
8240880137
8233334482
7277820780
9599159469
7352928699
9992266155
9934286547
9546381722
7979027532
9546381722
7979027532
8586834848
9884427851
8007903426
7838000790
9910446917
8877734703
9654613500
1244235223
9711106909
9590831662
9810659901
9931262531
8210787269
9560331388
9560538362
9535038913
9999089332
9431663674
9560613290
9878335113
9470091098
8825101458
8368338633
9999372777
7503348005
9868433878
9197817859
9878050057
7065410898